Team1_x,KIA,LG,NC,SK,넥센,두산,롯데,삼성,한화
KIA,0.0,5.5,-4.0,0.0,-5.0,-1.0,-2.5,-4.0,3.5
LG,-5.5,0.0,-9.5,-5.5,-10.5,-6.5,-8.0,-9.5,-2.0
NC,4.0,9.5,0.0,4.0,-1.0,3.0,1.5,0.0,7.5
SK,0.0,5.5,-4.0,0.0,-5.0,-1.0,-2.5,-4.0,3.5
넥센,5.0,10.5,1.0,5.0,0.0,4.0,2.5,1.0,8.5
두산,1.0,6.5,-3.0,1.0,-4.0,0.0,-1.5,-3.0,4.5
롯데,2.5,8.0,-1.5,2.5,-2.5,1.5,0.0,-1.5,6.0
삼성,4.0,9.5,0.0,4.0,-1.0,3.0,1.5,0.0,7.5
한화,-3.5,2.0,-7.5,-3.5,-8.5,-4.5,-6.0,-7.5,0.0
