Team1_x,LG,OB,롯데,빙그레,삼성,쌍방울,태평양,해태
LG,0.0,0.0,5.0,5.5,-7.0,22.0,28.5,-15.0
OB,0.0,0.0,5.0,5.5,-7.0,22.0,28.5,-15.0
롯데,-5.0,-5.0,0.0,0.5,-12.0,17.0,23.5,-20.0
빙그레,-5.5,-5.5,-0.5,0.0,-12.5,16.5,23.0,-20.5
삼성,7.0,7.0,12.0,12.5,0.0,29.0,35.5,-8.0
쌍방울,-22.0,-22.0,-17.0,-16.5,-29.0,0.0,6.5,-37.0
태평양,-28.5,-28.5,-23.5,-23.0,-35.5,-6.5,0.0,-43.5
해태,15.0,15.0,20.0,20.5,8.0,37.0,43.5,0.0
