Team1_x,KIA,LG,SK,넥센,두산,롯데,삼성,한화
KIA,0.0,-2.0,-7.0,0.0,-3.5,2.0,-2.0,3.5
LG,2.0,0.0,-5.0,2.0,-1.5,4.0,0.0,5.5
SK,7.0,5.0,0.0,7.0,3.5,9.0,5.0,10.5
넥센,0.0,-2.0,-7.0,0.0,-3.5,2.0,-2.0,3.5
두산,3.5,1.5,-3.5,3.5,0.0,5.5,1.5,7.0
롯데,-2.0,-4.0,-9.0,-2.0,-5.5,0.0,-4.0,1.5
삼성,2.0,0.0,-5.0,2.0,-1.5,4.0,0.0,5.5
한화,-3.5,-5.5,-10.5,-3.5,-7.0,-1.5,-5.5,0.0
