Team1_x,KIA,LG,SK,두산,롯데,삼성,한화,현대
KIA,0.0,3.0,-2.5,2.5,6.5,-3.0,-6.0,-6.5
LG,-3.0,0.0,-5.5,-0.5,3.5,-6.0,-9.0,-9.5
SK,2.5,5.5,0.0,5.0,9.0,-0.5,-3.5,-4.0
두산,-2.5,0.5,-5.0,0.0,4.0,-5.5,-8.5,-9.0
롯데,-6.5,-3.5,-9.0,-4.0,0.0,-9.5,-12.5,-13.0
삼성,3.0,6.0,0.5,5.5,9.5,0.0,-3.0,-3.5
한화,6.0,9.0,3.5,8.5,12.5,3.0,0.0,-0.5
현대,6.5,9.5,4.0,9.0,13.0,3.5,0.5,0.0
