Team1_x,LG,OB,롯데,삼성,쌍방울,태평양,한화,해태
LG,0.0,1.0,5.5,8.5,16.0,14.0,7.5,11.0
OB,-1.0,0.0,4.5,7.5,15.0,13.0,6.5,10.0
롯데,-5.5,-4.5,0.0,3.0,10.5,8.5,2.0,5.5
삼성,-8.5,-7.5,-3.0,0.0,7.5,5.5,-1.0,2.5
쌍방울,-16.0,-15.0,-10.5,-7.5,0.0,-2.0,-8.5,-5.0
태평양,-14.0,-13.0,-8.5,-5.5,2.0,0.0,-6.5,-3.0
한화,-7.5,-6.5,-2.0,1.0,8.5,6.5,0.0,3.5
해태,-11.0,-10.0,-5.5,-2.5,5.0,3.0,-3.5,0.0
