Team1_x,KIA,LG,SK,두산,롯데,삼성,한화,현대
KIA,0.0,-4.5,-6.5,-7.0,-4.5,-6.0,-6.0,-2.5
LG,4.5,0.0,-2.0,-2.5,0.0,-1.5,-1.5,2.0
SK,6.5,2.0,0.0,-0.5,2.0,0.5,0.5,4.0
두산,7.0,2.5,0.5,0.0,2.5,1.0,1.0,4.5
롯데,4.5,0.0,-2.0,-2.5,0.0,-1.5,-1.5,2.0
삼성,6.0,1.5,-0.5,-1.0,1.5,0.0,0.0,3.5
한화,6.0,1.5,-0.5,-1.0,1.5,0.0,0.0,3.5
현대,2.5,-2.0,-4.0,-4.5,-2.0,-3.5,-3.5,0.0
