Team1_x,LG,두산,롯데,삼성,쌍방울,한화,해태,현대
LG,0.0,-5.5,-7.5,-4.0,25.5,0.0,2.0,-4.5
두산,5.5,0.0,-2.0,1.5,31.0,5.5,7.5,1.0
롯데,7.5,2.0,0.0,3.5,33.0,7.5,9.5,3.0
삼성,4.0,-1.5,-3.5,0.0,29.5,4.0,6.0,-0.5
쌍방울,-25.5,-31.0,-33.0,-29.5,0.0,-25.5,-23.5,-30.0
한화,0.0,-5.5,-7.5,-4.0,25.5,0.0,2.0,-4.5
해태,-2.0,-7.5,-9.5,-6.0,23.5,-2.0,0.0,-6.5
현대,4.5,-1.0,-3.0,0.5,30.0,4.5,6.5,0.0
