Team1_x,KIA,LG,SK,넥센,두산,롯데,삼성,한화
KIA,0.0,2.0,-2.5,-1.0,-0.5,-4.5,-2.0,7.5
LG,-2.0,0.0,-4.5,-3.0,-2.5,-6.5,-4.0,5.5
SK,2.5,4.5,0.0,1.5,2.0,-2.0,0.5,10.0
넥센,1.0,3.0,-1.5,0.0,0.5,-3.5,-1.0,8.5
두산,0.5,2.5,-2.0,-0.5,0.0,-4.0,-1.5,8.0
롯데,4.5,6.5,2.0,3.5,4.0,0.0,2.5,12.0
삼성,2.0,4.0,-0.5,1.0,1.5,-2.5,0.0,9.5
한화,-7.5,-5.5,-10.0,-8.5,-8.0,-12.0,-9.5,0.0
