Team1_x,KIA,LG,SK,두산,롯데,삼성,한화,현대
KIA,0.0,5.5,4.0,3.5,3.5,2.5,1.0,0.0
LG,-5.5,0.0,-1.5,-2.0,-2.0,-3.0,-4.5,-5.5
SK,-4.0,1.5,0.0,-0.5,-0.5,-1.5,-3.0,-4.0
두산,-3.5,2.0,0.5,0.0,0.0,-1.0,-2.5,-3.5
롯데,-3.5,2.0,0.5,0.0,0.0,-1.0,-2.5,-3.5
삼성,-2.5,3.0,1.5,1.0,1.0,0.0,-1.5,-2.5
한화,-1.0,4.5,3.0,2.5,2.5,1.5,0.0,-1.0
현대,0.0,5.5,4.0,3.5,3.5,2.5,1.0,0.0
