Team1_x,LG,OB,롯데,삼성,쌍방울,한화,해태,현대
LG,0.0,0.5,-2.5,-1.0,-5.5,-6.5,-10.0,-9.0
OB,-0.5,0.0,-3.0,-1.5,-6.0,-7.0,-10.5,-9.5
롯데,2.5,3.0,0.0,1.5,-3.0,-4.0,-7.5,-6.5
삼성,1.0,1.5,-1.5,0.0,-4.5,-5.5,-9.0,-8.0
쌍방울,5.5,6.0,3.0,4.5,0.0,-1.0,-4.5,-3.5
한화,6.5,7.0,4.0,5.5,1.0,0.0,-3.5,-2.5
해태,10.0,10.5,7.5,9.0,4.5,3.5,0.0,1.0
현대,9.0,9.5,6.5,8.0,3.5,2.5,-1.0,0.0
