Team1_x,KIA,LG,NC,SK,넥센,두산,롯데,삼성,한화
KIA,0.0,3.5,10.0,5.0,-0.5,1.0,4.0,2.5,10.0
LG,-3.5,0.0,6.5,1.5,-4.0,-2.5,0.5,-1.0,6.5
NC,-10.0,-6.5,0.0,-5.0,-10.5,-9.0,-6.0,-7.5,0.0
SK,-5.0,-1.5,5.0,0.0,-5.5,-4.0,-1.0,-2.5,5.0
넥센,0.5,4.0,10.5,5.5,0.0,1.5,4.5,3.0,10.5
두산,-1.0,2.5,9.0,4.0,-1.5,0.0,3.0,1.5,9.0
롯데,-4.0,-0.5,6.0,1.0,-4.5,-3.0,0.0,-1.5,6.0
삼성,-2.5,1.0,7.5,2.5,-3.0,-1.5,1.5,0.0,7.5
한화,-10.0,-6.5,0.0,-5.0,-10.5,-9.0,-6.0,-7.5,0.0
