Team1_x,LG,OB,롯데,빙그레,삼성,쌍방울,태평양,해태
LG,0.0,-6.0,-15.0,-18.5,-11.5,4.5,-5.5,-18.0
OB,6.0,0.0,-9.0,-12.5,-5.5,10.5,0.5,-12.0
롯데,15.0,9.0,0.0,-3.5,3.5,19.5,9.5,-3.0
빙그레,18.5,12.5,3.5,0.0,7.0,23.0,13.0,0.5
삼성,11.5,5.5,-3.5,-7.0,0.0,16.0,6.0,-6.5
쌍방울,-4.5,-10.5,-19.5,-23.0,-16.0,0.0,-10.0,-22.5
태평양,5.5,-0.5,-9.5,-13.0,-6.0,10.0,0.0,-12.5
해태,18.0,12.0,3.0,-0.5,6.5,22.5,12.5,0.0
