Team1_x,KIA,LG,SK,넥센,두산,롯데,삼성,한화
KIA,0.0,0.0,-5.0,2.0,-2.5,3.0,-1.0,4.5
LG,0.0,0.0,-5.0,2.0,-2.5,3.0,-1.0,4.5
SK,5.0,5.0,0.0,7.0,2.5,8.0,4.0,9.5
넥센,-2.0,-2.0,-7.0,0.0,-4.5,1.0,-3.0,2.5
두산,2.5,2.5,-2.5,4.5,0.0,5.5,1.5,7.0
롯데,-3.0,-3.0,-8.0,-1.0,-5.5,0.0,-4.0,1.5
삼성,1.0,1.0,-4.0,3.0,-1.5,4.0,0.0,5.5
한화,-4.5,-4.5,-9.5,-2.5,-7.0,-1.5,-5.5,0.0
