Team1_x,KIA,LG,SK,넥센,두산,롯데,삼성,한화
KIA,0.0,5.5,0.0,1.0,-2.5,-1.0,-7.0,9.0
LG,-5.5,0.0,-5.5,-4.5,-8.0,-6.5,-12.5,3.5
SK,0.0,5.5,0.0,1.0,-2.5,-1.0,-7.0,9.0
넥센,-1.0,4.5,-1.0,0.0,-3.5,-2.0,-8.0,8.0
두산,2.5,8.0,2.5,3.5,0.0,1.5,-4.5,11.5
롯데,1.0,6.5,1.0,2.0,-1.5,0.0,-6.0,10.0
삼성,7.0,12.5,7.0,8.0,4.5,6.0,0.0,16.0
한화,-9.0,-3.5,-9.0,-8.0,-11.5,-10.0,-16.0,0.0
