Team1_x,KIA,LG,SK,두산,롯데,삼성,한화,현대
KIA,0.0,-3.0,-6.5,-2.5,-2.0,-1.5,-4.5,0.0
LG,3.0,0.0,-3.5,0.5,1.0,1.5,-1.5,3.0
SK,6.5,3.5,0.0,4.0,4.5,5.0,2.0,6.5
두산,2.5,-0.5,-4.0,0.0,0.5,1.0,-2.0,2.5
롯데,2.0,-1.0,-4.5,-0.5,0.0,0.5,-2.5,2.0
삼성,1.5,-1.5,-5.0,-1.0,-0.5,0.0,-3.0,1.5
한화,4.5,1.5,-2.0,2.0,2.5,3.0,0.0,4.5
현대,0.0,-3.0,-6.5,-2.5,-2.0,-1.5,-4.5,0.0
