Team1_x,LG,OB,롯데,빙그레,삼성,쌍방울,태평양,해태
LG,0.0,7.5,0.0,-2.5,-1.5,5.5,-0.5,-8.5
OB,-7.5,0.0,-7.5,-10.0,-9.0,-2.0,-8.0,-16.0
롯데,0.0,7.5,0.0,-2.5,-1.5,5.5,-0.5,-8.5
빙그레,2.5,10.0,2.5,0.0,1.0,8.0,2.0,-6.0
삼성,1.5,9.0,1.5,-1.0,0.0,7.0,1.0,-7.0
쌍방울,-5.5,2.0,-5.5,-8.0,-7.0,0.0,-6.0,-14.0
태평양,0.5,8.0,0.5,-2.0,-1.0,6.0,0.0,-8.0
해태,8.5,16.0,8.5,6.0,7.0,14.0,8.0,0.0
